-4.254177,55.864384
-4.247786,55.867198
-4.255624,55.864538
-4.25697,55.860199
-4.259149,55.867439
-4.236877,55.863712
-4.258619,55.861067
-4.251414,55.86084
-4.246891,55.857238
-4.255303,55.870026
-4.256996,55.860648
-4.248913,55.864571
-4.25602,55.863092
-4.239122,55.86385
-4.256866,55.858403
-4.256714,55.861282
-4.258792,55.858548
-4.254525,55.862131
-4.256953,55.865412
-4.258336,55.861702
-4.253994,55.861242
-4.256313,55.862638
-4.257231,55.864688
-4.237557,55.864418
-4.243668,55.856757
-4.253894,55.865019
-4.25755,55.856413
-4.261513,55.861374
-4.25904,55.860071
-4.249728,55.856557
-4.243081,55.857667
-4.252524,55.855157
-4.257781,55.86315
-4.248787,55.85963
-4.255608,55.856
-4.244563,55.869503
-4.252685,55.857941
-4.25325,55.864941
-4.250019,55.861584
-4.260883,55.858779
-4.254454,55.86366
-4.258223,55.862513
-4.25992,55.858707
-4.248905,55.858909
-4.256939,55.85966
-4.248731,55.861428
-4.255747,55.863906
-4.256733,55.858855
-4.257293,55.857497
-4.271705,55.866219
-4.257054,55.861635
-4.252251,55.855971
-4.250577,55.854654
-4.249469,55.863122
-4.245148,55.863022
-4.251307,55.861741
-4.231752,55.866321
-4.263436,55.869697
-4.241833,55.869284
-4.270011,55.861846
-4.229821,55.866087
-4.238279,55.868629
-4.239879,55.860332
-4.271257,55.866767
-4.270838,55.865067
-4.26445,55.862398
-4.264567,55.861677
-4.270356,55.856807
-4.268294,55.865293
-4.271071,55.866321
-4.268477,55.862953
-4.261945,55.860557
-4.263392,55.86071
-4.263468,55.864753
-4.269665,55.861403
-4.270364,55.859683
-4.265742,55.862644
-4.271663,55.865501
-4.270893,55.863268
-4.269938,55.871554
-4.291959,55.86818
-4.285712,55.865241
-4.269757,55.860233
-4.268171,55.865925
-4.281603,55.857857
-4.260963,55.862912
-4.262843,55.862248
-4.270786,55.864169
-4.266682,55.865053
-4.275518,55.863093
-4.264023,55.863305
-4.266404,55.865778
-4.270074,55.868406
-4.265017,55.869398
-4.268839,55.869148
-4.288851,55.86698
-4.271971,55.859833
-4.32261,55.870212
-4.283802,55.873545
-4.268969,55.871393
-4.310837,55.868456
-4.302827,55.870853
-4.294869,55.874148
-4.325734,55.890375
-4.29751,55.870144
-4.32684,55.876783
-4.314973,55.870805
-4.271469,55.867661
-4.310816,55.870793
-4.312732,55.870757
-4.327148,55.876597
-4.321154,55.888664
-4.378369,55.888021
-4.273519,55.872657
-4.31283,55.885855
-4.303358,55.882527
-4.283122,55.872838
-4.297486,55.88057
-4.281502,55.875205
-4.291993,55.876898
-4.344593,55.876895
-4.299452,55.870557
-4.282162,55.875552
-4.340419,55.876615
-4.305701,55.8708
-4.354224,55.87752
-4.368858,55.88416
-4.349542,55.908528
-4.350056,55.882633
-4.375651,55.895893
-4.323547,55.893922
-4.350338,55.900514
-4.351649,55.887816
-4.324578,55.889768
-4.226336,55.855454
-4.197988,55.85147
-4.233926,55.859631
-4.188562,55.859997
-4.21964,55.844521
-4.202095,55.847802
-4.207738,55.8628
-4.22426,55.858278
-4.197436,55.853008
-4.21416,55.863314
-4.177313,55.861724
-4.23512,55.855385
-4.19993,55.857547
-4.181433,55.861112
-4.21641,55.863543
-4.201326,55.856803
-4.182582,55.873045
-4.156398,55.862093
-4.190305,55.862572
-4.234824,55.886398
-4.232582,55.875204
-4.233504,55.868986
-4.228202,55.885259
-4.232067,55.87737
-4.233813,55.879945
-4.24019,55.871291
-4.234451,55.868789
-4.228299,55.895324
-4.164467,55.883611
-4.232855,55.87439
-4.17694,55.852204
-4.167425,55.827657
-4.169403,55.851708
-4.121419,55.856589
-4.154968,55.850704
-4.119334,55.856446
-4.160391,55.836139
-4.088578,55.852029
-4.17135,55.835047
-4.132713,55.849833
-4.133933,55.840016
-4.172457,55.837724
-4.092172,55.853495
-4.115199,55.86856
-4.108792,55.853571
-4.156463,55.860384
-4.158549,55.854775
-4.125319,55.85778
-4.124151,55.868585
-4.288086,55.889284
-4.254433,55.879838
-4.273018,55.880485
-4.290258,55.890861
-4.27163,55.878623
-4.249546,55.886579
-4.29751,55.894501
-4.25449,55.880826
-4.280916,55.884294
-4.254275,55.882628
-4.254643,55.877947
-4.289649,55.894108
-4.308747,55.892493
-4.31773,55.88756
-4.285573,55.887353
-4.285078,55.887092
-4.318282,55.848543
-4.263865,55.852343
-4.26473,55.853495
-4.319393,55.848432
-4.273062,55.853881
-4.264126,55.851349
-4.357732,55.845726
-4.265573,55.851502
-4.33484,55.839602
-4.277206,55.853714
-4.379421,55.852948
-4.310691,55.849854
-4.258932,55.852703
-4.3346,55.846257
-4.331476,55.868786
-4.260806,55.85195
-4.326907,55.843167
-4.309744,55.844659
-4.356934,55.845741
-4.301812,55.851009
-4.35519,55.845954
-4.323423,55.854378
-4.260442,55.853934
-4.265615,55.852221
-4.317953,55.853762
-4.259861,55.854933
-4.263443,55.853339
-4.318432,55.853753
-4.331642,55.844875
-4.331659,55.863839
-4.281575,55.851926
-4.288948,55.852328
-4.360807,55.814749
-4.341272,55.805775
-4.369986,55.818706
-4.30357,55.821317
-4.29691,55.819374
-4.287124,55.821264
-4.348091,55.807712
-4.345568,55.824118
-4.305968,55.821362
-4.30306,55.820787
-4.288593,55.816384
-4.363326,55.82207
-4.360252,55.813501
-4.24688,55.82659
-4.250447,55.819245
-4.244524,55.810635
-4.255674,55.81852
-4.233127,55.806708
-4.271059,55.827764
-4.261181,55.822643
-4.247308,55.82847
-4.26687,55.827122
-4.244105,55.81999
-4.250355,55.820415
-4.263692,55.830146
-4.260827,55.824806
-4.282041,55.829897
-4.261403,55.837469
-4.283246,55.834099
-4.287574,55.834378
-4.267996,55.838246
-4.249072,55.850727
-4.269359,55.836962
-4.258676,55.853786
-4.262446,55.836191
-4.256476,55.835132
-4.24466,55.835169
-4.261275,55.846279
-4.248606,55.831592
-4.260464,55.84881
-4.262061,55.843298
-4.259621,55.850803
-4.26559,55.840807
-4.27894,55.831483
-4.264285,55.837595
-4.256171,55.84089
-4.266479,55.839622
-4.25297,55.851824
-4.264717,55.836778
-4.268083,55.836986
-4.248998,55.835629
-4.284313,55.827788
-4.276945,55.832868
-4.263905,55.83931
-4.252052,55.849773
-4.258114,55.860627
-4.23664,55.862368
-4.251692,55.860116
-4.259476,55.856558
-4.241408,55.859135
-4.262293,55.863786
-4.249307,55.857553
-4.284409,55.864815
-4.291129,55.867656
-4.280339,55.863543
-4.266174,55.861827
-4.281642,55.863968
-4.263522,55.868437
-4.270589,55.863543
-4.270815,55.867404
-4.269276,55.868421
-4.270593,55.871812
-4.325788,55.880578
-4.322629,55.889266
-4.371719,55.91008
-4.355719,55.881087
-4.326869,55.890624
-4.320651,55.896313
-4.231814,55.850682
-4.210946,55.863012
-4.217406,55.858582
-4.197659,55.851297
-4.212045,55.848612
-4.221866,55.858321
-4.240269,55.85601
-4.2268,55.846818
-4.203137,55.857759
-4.173812,55.882008
-4.112927,55.850265
-4.163802,55.851537
-4.091456,55.85207
-4.108142,55.86221
-4.147143,55.862344
-4.155389,55.866964
-4.319872,55.848423
-4.299908,55.851225
-4.347642,55.84529
-4.277933,55.849746
-4.364253,55.845241
-4.338244,55.85904
-4.280687,55.820395
-4.327551,55.813855
-4.265815,55.833702
-4.259359,55.851797
-4.257053,55.836829
-4.262683,55.843017
-4.285782,55.825603
-4.248351,55.863143
-4.253007,55.863507
-4.268658,55.868792
-4.270474,55.856086
-4.271199,55.865779
-4.26815,55.871048
-4.290598,55.877643
-4.326208,55.890277
-4.232587,55.886438
-4.160071,55.847648
-4.334912,55.864766
-4.291061,55.850221
-4.34543,55.82448
-4.296669,55.82612
-4.2618,55.825058
-4.269976,55.836592
-4.276252,55.842857
-4.245513,55.861038
-4.351806,55.890419
-4.130595,55.866587
-4.270353,55.854021
